0.000000e+00	9.633342e-01
1.562500e-01	1.490308e+00
3.125000e-01	1.862383e-01
4.687500e-01	-8.651439e-01
6.250000e-01	3.996200e-02
7.812500e-01	4.123565e-01
9.375000e-01	-8.185788e-02
1.093750e+00	-2.614319e-01
1.250000e+00	-3.222139e-01
1.406250e+00	-1.085031e-02
1.562500e+00	5.045378e-01
1.718750e+00	7.064475e-01
1.875000e+00	1.088570e+00
2.031250e+00	-8.830714e-01
2.187500e+00	-5.154386e-01
2.343750e+00	-7.848592e-01
2.500000e+00	-1.449406e+00
2.656250e+00	-1.792326e+00
2.812500e+00	-4.118136e-01
2.968750e+00	6.747871e-01
3.125000e+00	9.065266e-01
3.281250e+00	1.302043e+00
3.437500e+00	1.104597e+00
3.593750e+00	2.110471e-01
3.750000e+00	-4.991611e-01
3.906250e+00	3.231928e-01
4.062500e+00	8.363390e-01
4.218750e+00	1.671092e+00
4.375000e+00	1.263016e+00
4.531250e+00	1.003501e+00
4.687500e+00	-4.140280e-01
4.843750e+00	9.020445e-02
5.000000e+00	-1.488804e-01
5.156250e+00	-5.259122e-01
5.312500e+00	-2.586358e-01
5.468750e+00	-5.224056e-01
5.625000e+00	-1.488553e+00
5.781250e+00	4.540164e-01
5.937500e+00	1.178291e+00
6.093750e+00	3.163930e-01
6.250000e+00	1.113274e-01
6.406250e+00	-5.960648e-01
6.562500e+00	-9.858894e-01
6.718750e+00	-2.895787e-01
6.875000e+00	6.081342e-01
7.031250e+00	1.069865e+00
7.187500e+00	-5.016182e-01
7.343750e+00	-1.899410e+00
7.500000e+00	-1.384609e+00
7.656250e+00	-7.881024e-03
7.812499e+00	-3.607292e-01
7.968750e+00	-5.228283e-01
8.125000e+00	-3.575260e-01
8.281249e+00	-1.507460e+00
8.437500e+00	-2.336828e+00
8.593750e+00	-1.072139e+00
8.749999e+00	2.241052e-01
8.906250e+00	5.719883e-01
9.062500e+00	-3.894682e-01
9.218750e+00	3.173744e-02
9.375000e+00	1.024310e-01
9.531250e+00	1.774348e+00
9.687500e+00	4.310935e-01
9.843749e+00	1.091393e-02
1.000000e+01	-1.842297e-01
1.015625e+01	-1.978715e+00
1.031250e+01	-6.127845e-01
1.046875e+01	2.771827e-01
1.062500e+01	2.098432e-01
1.078125e+01	3.828166e-01
1.093750e+01	-2.874464e-01
1.109375e+01	-1.262510e-02
1.125000e+01	-9.604344e-02
1.140625e+01	-5.248720e-01
1.156250e+01	-2.487563e-01
1.171875e+01	-4.957799e-01
1.187500e+01	1.507254e-01
1.203125e+01	-5.047813e-01
1.218750e+01	-2.038518e-01
1.234375e+01	3.167590e-01
1.250000e+01	4.222197e-01
1.265625e+01	3.299424e-01
1.281250e+01	9.938196e-01
1.296875e+01	3.775906e-01
1.312500e+01	1.274236e+00
1.328125e+01	3.666772e+00
1.343750e+01	3.784877e+00
1.359375e+01	5.615177e+00
1.375000e+01	7.945726e+00
1.390625e+01	1.020011e+01
1.406250e+01	1.443216e+01
1.421875e+01	1.711704e+01
1.437500e+01	2.011618e+01
1.453125e+01	2.297833e+01
1.468750e+01	2.772039e+01
1.484375e+01	3.159859e+01
1.500000e+01	3.570920e+01
1.515625e+01	4.110384e+01
1.531250e+01	4.462622e+01
1.546875e+01	4.912820e+01
1.562500e+01	5.446869e+01
1.578125e+01	6.006574e+01
1.593750e+01	6.604778e+01
1.609375e+01	7.161753e+01
1.625000e+01	7.640973e+01
1.640625e+01	8.089802e+01
1.656250e+01	8.459731e+01
1.671875e+01	8.662243e+01
1.687500e+01	8.843399e+01
1.703125e+01	8.717748e+01
1.718750e+01	8.743420e+01
1.734375e+01	8.619270e+01
1.750000e+01	8.501760e+01
1.765625e+01	8.348290e+01
1.781250e+01	8.254852e+01
1.796875e+01	8.281112e+01
1.812500e+01	8.324048e+01
1.828125e+01	8.357819e+01
1.843750e+01	8.158347e+01
1.859375e+01	8.031717e+01
1.875000e+01	8.099548e+01
1.890625e+01	7.947678e+01
1.906250e+01	7.917598e+01
1.921875e+01	7.899091e+01
1.937500e+01	7.793879e+01
1.953125e+01	7.911961e+01
1.968750e+01	7.980127e+01
1.984375e+01	7.926967e+01
2.000000e+01	7.990036e+01
2.015625e+01	7.916375e+01
2.031250e+01	7.943072e+01
2.046875e+01	7.991745e+01
2.062500e+01	7.873195e+01
2.078125e+01	7.872528e+01
2.093750e+01	7.984605e+01
2.109375e+01	8.001899e+01
2.125000e+01	7.983667e+01
2.140625e+01	7.913937e+01
2.156250e+01	7.960930e+01
2.171875e+01	8.032886e+01
2.187500e+01	8.079632e+01
2.203125e+01	8.148753e+01
2.218750e+01	8.067894e+01
2.234375e+01	8.061939e+01
2.250000e+01	7.894047e+01
2.265625e+01	7.828372e+01
2.281250e+01	7.832263e+01
2.296875e+01	7.922047e+01
2.312500e+01	7.831302e+01
2.328125e+01	7.842332e+01
2.343750e+01	7.628461e+01
2.359375e+01	7.390658e+01
2.375000e+01	7.178116e+01
2.390625e+01	6.782212e+01
2.406250e+01	6.392420e+01
2.421875e+01	6.055899e+01
2.437500e+01	5.474636e+01
2.453125e+01	4.978381e+01
2.468750e+01	4.653458e+01
2.484375e+01	4.063823e+01
2.500000e+01	3.555681e+01
2.515625e+01	3.166081e+01
2.531250e+01	2.737332e+01
2.546875e+01	2.405119e+01
2.562500e+01	2.007364e+01
2.578125e+01	1.775342e+01
2.593750e+01	1.375975e+01
2.609375e+01	1.056019e+01
2.625000e+01	8.276541e+00
2.640625e+01	6.579034e+00
2.656250e+01	5.461607e+00
2.671875e+01	3.748033e+00
2.687500e+01	2.806059e+00
2.703125e+01	1.871955e+00
2.718750e+01	2.244976e+00
2.734375e+01	2.142275e-01
2.750000e+01	-1.151252e-02
2.765625e+01	2.239937e-02
2.781250e+01	2.202562e-01
2.796875e+01	-3.981885e-01
2.812500e+01	2.039309e-01
2.828125e+01	9.221432e-01
2.843750e+01	-1.085491e+00
2.859375e+01	2.808267e-02
2.875000e+01	5.180964e-01
2.890625e+01	5.480723e-01
2.906250e+01	1.138748e+00
2.921875e+01	1.230322e+00
2.937500e+01	5.787934e-03
2.953125e+01	-2.884883e-01
2.968750e+01	1.257967e-01
2.984375e+01	-4.773130e-01
3.000000e+01	-8.339328e-01
3.015625e+01	-9.913079e-01
3.031250e+01	5.289740e-01
3.046875e+01	8.795542e-01
3.062500e+01	3.737989e-01
3.078125e+01	-8.269159e-02
3.093750e+01	6.963903e-01
3.109375e+01	5.990520e-01
3.125000e+01	-4.862277e-01
3.140625e+01	7.571493e-01
3.156250e+01	9.436784e-01
3.171875e+01	-1.057655e+00
3.187500e+01	-1.024526e+00
3.203125e+01	-4.156714e-01
3.218750e+01	-8.745710e-01
3.234375e+01	-9.566539e-01
3.250000e+01	3.731022e-01
3.265625e+01	4.164929e-01
3.281250e+01	-8.582431e-01
3.296875e+01	-5.987038e-01
3.312500e+01	1.509636e+00
3.328125e+01	-3.903625e-01
3.343750e+01	2.134590e-01
3.359375e+01	-9.455838e-01
3.375000e+01	-1.266958e+00
3.390625e+01	-1.558440e+00
3.406250e+01	-8.833529e-01
3.421875e+01	5.203251e-01
3.437500e+01	1.696252e-01
3.453125e+01	-7.229849e-01
3.468750e+01	-7.901478e-01
3.484375e+01	-6.763795e-01
3.500000e+01	-7.569437e-01
3.515625e+01	-1.652280e-01
3.531250e+01	-1.422736e-02
3.546875e+01	4.018492e-02
3.562500e+01	1.134803e+00
3.578125e+01	1.136789e+00
3.593750e+01	3.252887e-01
3.609375e+01	5.247952e-02
3.625000e+01	8.238589e-01
3.640625e+01	3.501810e-01
3.656250e+01	1.302426e+00
3.671875e+01	-6.753696e-01
3.687500e+01	-2.759200e-01
3.703125e+01	-3.616527e-01
3.718750e+01	-4.935108e-01
3.734375e+01	3.072596e-01
3.750000e+01	-7.205119e-01
3.765625e+01	-2.110435e-01
3.781250e+01	-4.507059e-02
3.796875e+01	5.159036e-02
3.812500e+01	-9.985840e-01
3.828125e+01	-9.087696e-01
3.843750e+01	-5.321731e-01
3.859375e+01	2.087460e-01
3.875000e+01	-4.520423e-01
3.890625e+01	-5.225498e-01
3.906250e+01	-5.890445e-01
3.921875e+01	-6.692008e-01
3.937500e+01	1.970977e-01
3.953125e+01	4.749504e-02
3.968750e+01	-1.570816e+00
3.984375e+01	-9.148414e-01
