-1.103125000000000000e+01 6.553546900000000175e-01
-1.087500000000000000e+01 -4.158356500000000011e-01
-1.071875000000000000e+01 -1.324046900000000138e+00
-1.056250000000000000e+01 -9.368353400000000164e-01
-1.040625000000000000e+01 -5.234075500000000547e-01
-1.025000000000000000e+01 8.884847999999999635e-01
-1.009375000000000000e+01 2.995129500000000000e-01
-9.937500000000000000e+00 2.868034999999999890e-01
-9.781250000000000000e+00 3.149875400000000103e-01
-9.625000000000000000e+00 -6.393074300000000099e-01
-9.468750000000000000e+00 -8.116550500000000445e-01
-9.312500000000000000e+00 1.625782299999999903e-01
-9.156250000000000000e+00 -2.032229100000000066e-01
-9.000000000000000000e+00 1.472243400000000091e-01
-8.843750000000000000e+00 5.482866400000000473e-01
-8.687500000000000000e+00 -1.104186100000000004e-01
-8.531250000000000000e+00 -2.291572200000000226e-01
-8.375000000000000000e+00 -4.539975499999999720e-01
-8.218750000000000000e+00 2.183998500000000065e-01
-8.062500000000000000e+00 -1.783564199999999877e-01
-7.906250000000000000e+00 1.950717600000000107e-01
-7.750000000000000000e+00 -4.508390199999999792e-01
-7.593750000000000000e+00 -2.483857100000000026e-02
-7.437500000000000000e+00 5.412925499999999834e-01
-7.281250000000000000e+00 1.201296099999999978e+00
-7.125000000000000000e+00 1.797546899999999948e+00
-6.968750000000000000e+00 9.121533800000000136e-01
-6.812500000000000000e+00 1.551151500000000072e-01
-6.656250000000000000e+00 -6.888917799999999536e-01
-6.500000000000000000e+00 -1.763504599999999867e-01
-6.343750000000000000e+00 9.886997299999998878e-01
-6.187500000000000000e+00 -7.999686900000000378e-01
-6.031250000000000000e+00 -1.136751899999999926e+00
-5.875000000000000000e+00 -3.468228399999999656e-01
-5.718750000000000000e+00 -5.628070200000000467e-01
-5.562500000000000000e+00 -6.916598100000000970e-01
-5.406250000000000000e+00 3.887051200000000151e-01
-5.250000000000000000e+00 -4.764316600000000346e-01
-5.093750000000000000e+00 -2.922040599999999877e-01
-4.937500000000000000e+00 -5.135275400000000046e-01
-4.781250000000000000e+00 -1.854578000000000060e+00
-4.625000000000000000e+00 -1.611438599999999832e+00
-4.468750000000000000e+00 -8.582642999999999800e-01
-4.312500000000000000e+00 -3.144302900000000012e-01
-4.156250000000000000e+00 1.146832799999999875e+00
-4.000000000000000000e+00 4.291676799999999958e-01
-3.843750000000000000e+00 9.651418700000000683e-01
-3.687500000000000000e+00 1.658042699999999980e+00
-3.531249999999999112e+00 1.879539899999999930e+00
-3.375000000000000000e+00 2.628014300000000247e+00
-3.218750000000000000e+00 3.238299299999999992e+00
-3.062500000000000000e+00 4.753158700000000181e+00
-2.906250000000000000e+00 7.394008399999999703e+00
-2.750000000000000000e+00 1.028054700000000032e+01
-2.593750000000000000e+00 1.229702699999999993e+01
-2.437500000000000000e+00 1.490080700000000036e+01
-2.281250000000000000e+00 1.768281199999999842e+01
-2.125000000000000000e+00 2.041004900000000077e+01
-1.968750000000000000e+00 2.269728100000000026e+01
-1.812500000000000000e+00 2.670246600000000115e+01
-1.656250000000000000e+00 3.044131999999999749e+01
-1.500000000000000000e+00 3.389198300000000330e+01
-1.343750000000000000e+00 3.686831799999999504e+01
-1.187500000000000000e+00 4.040468200000000110e+01
-1.031250000000000000e+00 4.520467899999999872e+01
-8.750000000000000000e-01 4.852523699999999707e+01
-7.187500000000000000e-01 5.118762100000000004e+01
-5.625000000000000000e-01 5.385018699999999825e+01
-4.062500000000000000e-01 5.744195599999999757e+01
-2.500000000000000000e-01 6.095282599999999462e+01
-9.375000000000000000e-02 6.214376200000000239e+01
6.250000000000000000e-02 6.217792099999999067e+01
2.187500000000000000e-01 6.263690599999999620e+01
3.750000000000000000e-01 6.265667799999999943e+01
5.312500000000000000e-01 6.339317900000000350e+01
6.875000000000000000e-01 6.336549800000000232e+01
8.437500000000000000e-01 6.392461900000000696e+01
1.000000000000000000e+00 6.416404099999999744e+01
1.156250000000000000e+00 6.534423099999999351e+01
1.312500000000000000e+00 6.487250799999999629e+01
1.468750000000000000e+00 6.371413799999999839e+01
1.625000000000000000e+00 6.401747899999999447e+01
1.781250000000000000e+00 6.557293500000000108e+01
1.937500000000000000e+00 6.517021100000000899e+01
2.093750000000000000e+00 6.608582599999999729e+01
2.250000000000000000e+00 6.705263999999999669e+01
2.406250000000000000e+00 6.594641099999999767e+01
2.562500000000000000e+00 6.629110299999999256e+01
2.718750000000000000e+00 6.666876200000000097e+01
2.875000000000000000e+00 6.637056200000000672e+01
3.031250000000000000e+00 6.801138100000000009e+01
3.187500000000000000e+00 6.861116199999999310e+01
3.343750000000000000e+00 6.825142999999999915e+01
3.500000000000000000e+00 6.805244400000000837e+01
3.656250000000000000e+00 6.825182800000000327e+01
3.812500000000000000e+00 6.714443199999999479e+01
3.968750000000000000e+00 6.729422699999999224e+01
4.125000000000000000e+00 6.697722300000000928e+01
4.281250000000000000e+00 6.498044200000001069e+01
4.437500000000001776e+00 6.446222800000001030e+01
4.593750000000000000e+00 6.364904400000000351e+01
4.750000000000000000e+00 6.165871299999999877e+01
4.906250000000000000e+00 5.828587100000000021e+01
5.062500000000000000e+00 5.541908499999999549e+01
5.218750000000000000e+00 5.205223000000000155e+01
5.375000000000000000e+00 4.960954199999999759e+01
5.531250000000000000e+00 4.566362999999999772e+01
5.687500000000000000e+00 4.195380600000000015e+01
5.843750000000000000e+00 3.919295100000000076e+01
6.000000000000000000e+00 3.479608999999999952e+01
6.156250000000000000e+00 2.925368500000000083e+01
6.312500000000000000e+00 2.549825699999999884e+01
6.468750000000000000e+00 2.244557700000000011e+01
6.625000000000000000e+00 1.988009899999999774e+01
6.781250000000000000e+00 1.566354899999999972e+01
6.937500000000000000e+00 1.221147900000000064e+01
7.093750000000000000e+00 8.998006099999999563e+00
7.250000000000000000e+00 6.216559299999999233e+00
7.406250000000000000e+00 5.149271099999999990e+00
7.562500000000000000e+00 3.328349799999999803e+00
7.718750000000000000e+00 1.512099099999999918e+00
7.875000000000000000e+00 1.134256400000000164e+00
8.031250000000000000e+00 8.469038399999999633e-01
8.187500000000000000e+00 -2.520626499999999992e-01
8.343750000000000000e+00 -7.386932099999999890e-01
8.500000000000000000e+00 1.068759700000000007e-01
8.656250000000000000e+00 3.522990299999999575e-01
8.812500000000000000e+00 -7.052899799999999830e-01
8.968750000000000000e+00 -1.072975100000000070e+00
9.125000000000000000e+00 -1.134737299999999838e+00
9.281250000000000000e+00 -4.086233300000000068e-02
9.437500000000000000e+00 1.146410699999999977e-01
9.593750000000000000e+00 2.067045200000000027e-01
9.750000000000000000e+00 -2.704469300000000298e-01
9.906250000000000000e+00 -3.384046700000000185e-01
1.006250000000000000e+01 -4.217200000000000393e-01
1.021875000000000000e+01 1.837164599999999981e-01
1.037500000000000000e+01 6.456419099999999300e-01
1.053125000000000000e+01 2.197054099999999899e+00
1.068750000000000000e+01 1.783004599999999940e+00
1.084375000000000000e+01 -4.179177199999999925e-01
1.100000000000000000e+01 -1.025516600000000000e+00
1.115625000000000000e+01 -1.333345400000000014e+00
1.131250000000000000e+01 -8.831584300000000498e-01
1.146875000000000000e+01 -4.083634999999999904e-01
1.162500000000000000e+01 -9.893839300000000295e-03
1.178125000000000000e+01 -4.579394099999999912e-01
1.193750000000000000e+01 -3.691998499999999961e-01
1.209375000000000000e+01 -2.328189599999999915e-01
1.225000000000000000e+01 -4.671788200000000502e-01
1.240625000000000000e+01 -4.306741300000000439e-01
1.256250000000000000e+01 -6.713195299999999976e-01
1.271875000000000000e+01 9.036242599999999570e-01
1.287500000000000000e+01 6.969062499999999494e-01
1.303125000000000000e+01 -2.624346700000000365e-01
1.318750000000000000e+01 3.448194599999999665e-01
1.334375000000000000e+01 1.721308200000000177e-01
1.350000000000000000e+01 3.122254500000000155e-01
