-1.348281249999999964e+01 2.117388875000000059e+00
-1.336562499999999964e+01 -1.636373875000000089e+00
-1.324843749999999964e+01 -1.697056999999999816e+00
-1.313124999999999964e+01 -4.910585249999999680e-01
-1.301406249999999964e+01 -9.780370000000000452e-01
-1.289687499999999964e+01 -5.656483374999999869e-01
-1.277968749999999964e+01 -6.840135999999998884e-01
-1.266249999999999964e+01 -9.049170999999999188e-01
-1.254531249999999964e+01 -4.551384249999999854e-02
-1.242812499999999964e+01 -1.293616375000000152e-01
-1.231093749999999964e+01 -1.133483312500000034e-01
-1.219374999999999964e+01 4.033249124999999657e-01
-1.207656249999999964e+01 2.113039250000000036e-01
-1.195937499999999964e+01 6.416793749999999408e-02
-1.184218749999999964e+01 1.040907099999999891e-01
-1.172499999999999964e+01 -2.668791750000000171e-02
-1.160781249999999964e+01 -2.203257500000000146e-01
-1.149062499999999964e+01 -1.063222225000000076e+00
-1.137343749999999964e+01 -1.798428875000000149e+00
-1.125624999999999964e+01 -1.722717625000000030e+00
-1.113906249999999964e+01 -7.634599625000000334e-01
-1.102187499999999964e+01 5.033970999999999307e-01
-1.090468749999999964e+01 5.198969624999999484e-01
-1.078749999999999964e+01 7.154903500000000527e-01
-1.067031249999999964e+01 6.930562375000000053e-01
-1.055312499999999964e+01 7.679808000000000190e-01
-1.043593749999999964e+01 8.742946125000000679e-02
-1.031874999999999964e+01 -1.328829750000000143e+00
-1.020156249999999964e+01 -7.530409500000000422e-01
-1.008437499999999964e+01 -8.953769624999998733e-01
-9.967187499999999645e+00 -6.004594750000000758e-01
-9.849999999999999645e+00 -7.266958374999999970e-01
-9.732812499999999645e+00 -1.422432624999999895e+00
-9.615624999999999645e+00 -1.213034100000000004e+00
-9.498437499999999645e+00 -2.229118999999999962e-01
-9.381249999999999645e+00 3.410428999999999267e-01
-9.264062499999999645e+00 6.659632625000000417e-01
-9.146874999999999645e+00 4.962014749999999474e-01
-9.029687499999999645e+00 5.440569250000000245e-01
-8.912499999999999645e+00 6.054268000000000427e-01
-8.795312499999999645e+00 9.575972500000000664e-01
-8.678124999999999645e+00 3.251562250000000209e-01
-8.560937499999999645e+00 6.502349624999999023e-01
-8.443749999999999645e+00 6.456573625000000538e-02
-8.326562499999999645e+00 -1.715954249999999959e-01
-8.209374999999999645e+00 -3.782754875000000072e-01
-8.092187499999999645e+00 -1.100257937500000033e-01
-7.974999999999999645e+00 2.025442375000000017e-01
-7.857812499999999645e+00 7.731157749999999496e-01
-7.740624999999999645e+00 2.037517624999999999e+00
-7.623437499999999645e+00 2.511042749999999657e+00
-7.506249999999999645e+00 2.116660625000000184e+00
-7.389062499999999645e+00 1.318079750000000078e-02
-7.271874999999999645e+00 -1.158360099999999893e+00
-7.154687499999999645e+00 -1.623462125000000089e+00
-7.037499999999999645e+00 -7.628165749999999967e-01
-6.920312499999999645e+00 6.961585624999999666e-01
-6.803124999999999645e+00 1.791032375000000121e+00
-6.685937499999999645e+00 1.043751162499999996e+00
-6.568749999999999645e+00 -9.305292249999999044e-01
-6.451562499999999645e+00 -6.150771499999999614e-01
-6.334374999999999645e+00 -4.514098750000000021e-02
-6.217187499999999645e+00 -4.718935499999999950e-01
-6.099999999999999645e+00 -1.034356599999999959e+00
-5.982812499999999645e+00 -8.725084249999999209e-01
-5.865624999999999645e+00 -1.858119249999999889e-01
-5.748437499999999645e+00 -6.363924374999999078e-02
-5.631249999999998757e+00 -1.163893275000000074e-02
-5.514062499999999645e+00 6.263553250000000183e-01
-5.396874999999999645e+00 1.156382587500000003e-01
-5.279687499999999645e+00 -3.656338124999999883e-01
-5.162499999999999645e+00 -6.381371750000000009e-01
-5.045312499999999645e+00 -1.647823999999999955e+00
-4.928124999999999645e+00 -1.847480749999999894e+00
-4.810937499999999645e+00 -1.062495912499999973e+00
-4.693749999999999645e+00 -4.202017125000000464e-01
-4.576562499999999645e+00 5.605302250000000486e-01
-4.459374999999999645e+00 1.228420462499999921e+00
-4.342187499999999645e+00 8.503150874999999553e-01
-4.224999999999999645e+00 7.185228000000000170e-01
-4.107812499999999645e+00 1.566933624999999886e+00
-3.990624999999999645e+00 1.677994750000000090e+00
-3.873437499999999645e+00 1.578519124999999912e+00
-3.756249999999999645e+00 2.306522375000000125e+00
-3.639062499999999645e+00 3.200175375000000155e+00
-3.521874999999999645e+00 3.772362874999999782e+00
-3.404687000000000907e+00 3.372875999999999763e+00
-3.287499999999999645e+00 4.126205374999999620e+00
-3.170311999999999131e+00 5.944908874999999426e+00
-3.053124999999999645e+00 7.947620749999999568e+00
-2.935936999999999131e+00 9.816025624999999977e+00
-2.818749999999999645e+00 1.015556550000000158e+01
-2.701562000000000907e+00 1.201691762499999783e+01
-2.584374999999999645e+00 1.355035875000000090e+01
-2.467186999999999131e+00 1.626868624999999824e+01
-2.349999999999999645e+00 1.882470250000000078e+01
-2.232811999999999131e+00 2.025450875000000295e+01
-2.115624999999999645e+00 2.136541499999999871e+01
-1.998438000000000159e+00 2.305218124999999674e+01
-1.881249999999999645e+00 2.735025499999999710e+01
-1.764061999999999131e+00 2.952069499999999991e+01
-1.646874999999999645e+00 3.097836499999999660e+01
-1.529687000000000907e+00 3.315545749999999714e+01
-1.412499999999999645e+00 3.530535249999999792e+01
-1.295311999999999131e+00 3.883134125000000125e+01
-1.178124999999999645e+00 4.251392249999999251e+01
-1.060936999999999131e+00 4.554084500000000446e+01
-9.437499999999996447e-01 4.766621500000000111e+01
-8.265620000000009071e-01 4.925444999999999851e+01
-7.093749999999996447e-01 5.095643124999999429e+01
-5.921869999999991308e-01 5.297448874999999902e+01
-4.749999999999996447e-01 5.614003875000000221e+01
-3.578119999999991308e-01 5.946581750000000000e+01
-2.406249999999996447e-01 6.087687750000000619e+01
-1.234380000000001587e-01 6.072649625000000384e+01
-6.249999999999644729e-03 6.065651749999999964e+01
1.109380000000008692e-01 6.090320499999999981e+01
2.281250000000003553e-01 6.029607375000000502e+01
3.453130000000008692e-01 6.090462749999999659e+01
4.625000000000003553e-01 6.115534875000000170e+01
5.796869999999998413e-01 6.179857375000000275e+01
6.968750000000003553e-01 6.197671249999999787e+01
8.140630000000008692e-01 6.348168125000000117e+01
9.312500000000003553e-01 6.453897249999999985e+01
1.048437999999999093e+00 6.485928625000001091e+01
1.165625000000000355e+00 6.630824875000000418e+01
1.282813000000000869e+00 6.567326624999999751e+01
1.400000000000000355e+00 6.477110500000000570e+01
1.517188000000000869e+00 6.393160875000000232e+01
1.634375000000000355e+00 6.478907499999999686e+01
1.751561999999999841e+00 6.538939249999999959e+01
1.868750000000000355e+00 6.536753250000001003e+01
1.985938000000000869e+00 6.427327250000000447e+01
2.103125000000000355e+00 6.537592750000000308e+01
2.220312000000001618e+00 6.617534374999999613e+01
2.337500000000002132e+00 6.507735250000000349e+01
2.454688000000002646e+00 6.457617999999999370e+01
2.571875000000000355e+00 6.566662875000000099e+01
2.689062999999999093e+00 6.681324999999999648e+01
2.806250000000000355e+00 6.528371125000001030e+01
2.923437000000001618e+00 6.531001750000000072e+01
3.040625000000000355e+00 6.705526625000000251e+01
3.157812999999999093e+00 6.819847250000000827e+01
3.275000000000000355e+00 6.833347249999999917e+01
3.392187000000001618e+00 6.678351125000000366e+01
3.509375000000000355e+00 6.567964874999999836e+01
3.626563000000002646e+00 6.566311375000000794e+01
3.743750000000000355e+00 6.534575250000000324e+01
3.860938000000002646e+00 6.462788125000000150e+01
3.978125000000000355e+00 6.420304500000000303e+01
4.095311999999998065e+00 6.447611500000000717e+01
4.212500000000000355e+00 6.493085750000000189e+01
4.329687999999999093e+00 6.323863000000000056e+01
4.446875000000000355e+00 6.249293250000000199e+01
4.564062000000001618e+00 6.241860750000000024e+01
4.681250000000000355e+00 6.106850500000000181e+01
4.798438000000002646e+00 6.002952249999999879e+01
4.915625000000000355e+00 5.880427124999999933e+01
5.032811999999998065e+00 5.643714249999999311e+01
5.150000000000000355e+00 5.325005875000000799e+01
5.267186999999998065e+00 5.004806874999999877e+01
5.384375000000000355e+00 4.814293874999999900e+01
5.501562999999999093e+00 4.598611875000000282e+01
5.618750000000000355e+00 4.423343375000000322e+01
5.735937000000001618e+00 4.245652125000000154e+01
5.853125000000000355e+00 4.031359250000000571e+01
5.970312999999999093e+00 3.900993499999999869e+01
6.087500000000000355e+00 3.607172750000000150e+01
6.204687000000001618e+00 3.185251500000000036e+01
6.321875000000000355e+00 2.833402375000000006e+01
6.439061999999998065e+00 2.512057999999999680e+01
6.556250000000000355e+00 2.249003125000000125e+01
6.673437999999999093e+00 1.994690250000000020e+01
6.790625000000000355e+00 1.911330625000000083e+01
6.907812000000001618e+00 1.702153374999999969e+01
7.025000000000000355e+00 1.408267000000000024e+01
7.142187999999999093e+00 1.140078062499999945e+01
7.259375000000000355e+00 8.136025999999999314e+00
7.376562000000001618e+00 6.388465000000000948e+00
7.493750000000000355e+00 5.308972875000000258e+00
7.610938000000002646e+00 4.215186624999999410e+00
7.728125000000000355e+00 2.866624749999999722e+00
7.845312999999999093e+00 2.266294874999999820e+00
7.962500000000000355e+00 2.442549999999999999e-01
8.079687000000001618e+00 -8.607051749999999890e-01
8.196875000000000355e+00 -8.742722749999999321e-01
8.314062999999999093e+00 -9.392253124999999647e-01
8.431250000000000355e+00 -9.060128750000000508e-01
8.548437000000001618e+00 -1.295924625000000052e+00
8.665625000000000355e+00 -1.520210874999999850e+00
8.782813000000002646e+00 -1.593187125000000037e+00
8.900000000000000355e+00 -1.368537625000000091e+00
9.017188000000002646e+00 -1.164594350000000000e+00
9.134375000000000355e+00 -6.046599875000000512e-01
9.251561999999998065e+00 -1.560645625000000036e+00
9.368750000000000355e+00 -2.186197749999999829e+00
9.485937999999999093e+00 -1.284621000000000235e+00
9.603125000000000355e+00 -6.953193874999998858e-01
9.720312000000001618e+00 -1.123832500000000012e+00
9.837500000000000355e+00 -1.643373125000000101e+00
9.954687999999999093e+00 -1.100860799999999973e+00
1.007187500000000036e+01 -7.729117125000000144e-01
1.018906199999999806e+01 -2.556801125000000008e-01
1.030625000000000036e+01 -6.968129124999999924e-01
1.042343699999999806e+01 -5.953968499999999775e-01
1.054062500000000036e+01 6.148583499999999563e-02
1.065781299999999909e+01 -4.648537000000000363e-01
1.077500000000000036e+01 5.018188249999999684e-01
1.089218700000000162e+01 1.561232999999999871e+00
1.100937500000000036e+01 1.094529274999999968e+00
1.112656299999999909e+01 1.149805012500000057e-01
1.124375000000000036e+01 -4.749803250000000365e-01
1.136093700000000162e+01 -9.342094125000000027e-01
1.147812500000000036e+01 -1.422780374999999875e+00
1.159531199999999806e+01 -1.137546687499999987e+00
1.171250000000000036e+01 -1.083197462500000041e+00
1.182968799999999909e+01 9.988571250000000123e-02
1.194687500000000036e+01 8.878582875000000652e-01
1.206406200000000162e+01 8.044108374999998923e-02
1.218125000000000036e+01 5.971578499999999345e-02
1.229843799999999909e+01 3.817813375000000398e-01
1.241562500000000036e+01 4.906196624999999978e-01
1.253281200000000162e+01 -7.911496499999999266e-01
1.265000000000000036e+01 -3.934708249999999685e-01
1.276718699999999806e+01 3.714287875000000239e-01
1.288437500000000036e+01 2.567391125000000329e-01
1.300156299999999909e+01 5.430353999999999459e-01
1.311875000000000036e+01 1.108396624999999913e+00
1.323593700000000162e+01 1.200762262500000066e+00
1.335312500000000036e+01 1.326322249999999925e-01
1.347031299999999909e+01 -8.979346000000000272e-01
1.358750000000000036e+01 -1.282858249999999922e-01
1.370468700000000162e+01 3.903364249999999869e-01
1.382187500000000036e+01 3.112448374999999823e-01
1.393906200000000162e+01 1.217776737499999928e+00
1.405625000000000036e+01 1.358951750000000125e+00
1.417343800000000265e+01 7.363518749999998780e-01
1.429062500000000036e+01 6.969402999999998460e-01
1.440781199999999806e+01 4.885904875000000036e-01
1.452500000000000036e+01 2.958745750000000285e-01
1.464218799999999909e+01 1.520277000000000100e+00
1.475937500000000036e+01 2.324067625000000081e+00
1.487656200000000162e+01 2.617969625000000078e-01
1.499375000000000036e+01 1.144851662500000061e-01
1.511093799999999909e+01 -2.871118750000000164e-01
1.522812500000000036e+01 -9.205938624999999709e-01
1.534531200000000162e+01 -8.559615750000000300e-01
1.546250000000000036e+01 -6.528074624999999909e-01
1.557968699999999806e+01 -9.253542375000000098e-01
1.569687500000000036e+01 -8.915693125000000441e-01
1.581406299999999909e+01 -7.589429874999999992e-01
1.593125000000000036e+01 -5.490277500000000366e-01
1.604843699999999984e+01 -2.554960374999999950e-01
1.616562499999999858e+01 4.967151375000000257e+00
1.628281299999999732e+01 1.057564037500000254e+01
